Country,Date,Confirmed,New_confirmed,New_confirmed_mvavg,Deaths,New_deaths,New_deaths_mvavg,,,
Hubei,1/22/20,444,0,0,17,0,0,,,
Hubei,1/23/20,444,0,0,17,0,0,,,
Hubei,1/24/20,549,105,35,24,7,2,,,
Hubei,1/25/20,761,212,106,40,16,8,,,
Hubei,1/26/20,1058,297,205,52,12,12,,,
Hubei,1/27/20,1423,365,291,76,24,17,,,
Hubei,1/28/20,3554,2131,931,125,49,28,,,
Hubei,1/29/20,3554,0,832,125,0,24,,,
Hubei,1/30/20,4903,1349,1160,162,37,29,,,
Hubei,1/31/20,5806,903,751,204,42,26,,,
Hubei,02/01/20,7153,1347,1200,249,45,41,,,
Hubei,02/02/20,11177,4024,2091,350,101,63,,,
Hubei,02/03/20,13522,2345,2572,414,64,70,,,
Hubei,02/04/20,16678,3156,3175,479,65,77,,,
Hubei,02/05/20,19665,2987,2829,549,70,66,,,
Hubei,02/06/20,22112,2447,2863,618,69,68,,,
Hubei,02/07/20,24953,2841,2758,699,81,73,,,
Hubei,02/08/20,27100,2147,2478,780,81,77,,,
Hubei,02/09/20,29631,2531,2506,871,91,84,,,
Hubei,02/10/20,31728,2097,2258,974,103,92,,,
Hubei,02/11/20,33366,1638,2089,1068,94,96,,,
Hubei,02/12/20,33366,0,1245,1068,0,66,,,
Hubei,2/13/20,48206,14840,5493,1310,242,112,,,
Hubei,2/14/20,54406,6200,7013,1457,147,130,,,
Hubei,2/15/20,56249,1843,7628,1596,139,176,,,
Hubei,2/16/20,58182,1933,3325,1696,100,129,,,
Hubei,2/17/20,59989,1807,1861,1789,93,111,,,
Hubei,2/18/20,61682,1693,1811,1921,132,108,,,
Hubei,2/19/20,62031,349,1283,2029,108,111,,,
Hubei,2/20/20,62442,411,818,2144,115,118,,,
Hubei,2/21/20,62662,220,327,2144,0,74,,,
Hubei,2/22/20,64084,1422,684,2346,202,106,,,
Hubei,2/23/20,64084,0,547,2346,0,67,,,
Hubei,2/24/20,64287,203,542,2495,149,117,,,
Hubei,2/25/20,64786,499,234,2563,68,72,,,
Hubei,2/26/20,65187,401,368,2615,52,90,,,
Hubei,2/27/20,65596,409,436,2641,26,49,,,
Hubei,2/28/20,65914,318,376,2682,41,40,,,
Hubei,2/29/20,66337,423,383,2727,45,37,,,
Hubei,03/01/20,66907,570,437,2761,34,40,,,
Hubei,03/02/20,67103,196,396,2803,42,40,,,
Hubei,03/03/20,67217,114,293,2835,32,36,,,
Hubei,03/04/20,67332,115,142,2871,36,37,,,
Hubei,03/05/20,67466,134,121,2902,31,33,,,
Hubei,03/06/20,67592,126,125,2931,29,32,,,
Hubei,03/07/20,67666,74,111,2959,28,29,,,
Hubei,03/08/20,67707,41,80,2986,27,28,,,
Hubei,03/09/20,67743,36,50,3008,22,26,,,
Hubei,03/10/20,67760,17,31,3024,16,22,,,
Hubei,03/11/20,67773,13,22,3046,22,20,,,
Hubei,03/12/20,67781,8,13,3056,10,16,,,
Hubei,3/13/20,67786,5,9,3062,6,13,,,
Hubei,3/14/20,67790,4,6,3075,13,10,,,
Hubei,3/15/20,67794,4,4,3085,10,10,,,
Hubei,3/16/20,67798,4,4,3099,14,12,,,
Hubei,3/17/20,67799,1,3,3111,12,12,,,
Hubei,3/18/20,67800,1,2,3122,11,12,,,
Hubei,3/19/20,67800,0,1,3130,8,10,,,
Hubei,3/20/20,67800,0,0,3133,3,7,,,
Hubei,3/21/20,67800,0,0,3139,6,6,,,
Hubei,3/22/20,67800,0,0,3153,14,8,,,
Hubei,3/23/20,67800,0,0,3153,0,7,,,
Hubei,3/24/20,67801,1,0,3160,7,7,,,
Hubei,3/25/20,67801,0,0,3163,3,3,,,
Hubei,3/26/20,67801,0,0,3169,6,5,,,
Hubei,3/27/20,67801,0,0,3174,5,5,,,
Hubei,3/28/20,67801,0,0,3177,3,5,,,
Hubei,3/29/20,67801,0,0,3182,5,4,,,
Hubei,3/30/20,67801,0,0,3186,4,4,,,
Hubei,3/31/20,67801,0,0,3187,1,3,,,
Hubei,04/01/20,67802,1,0,3193,6,4,,,
Hubei,04/02/20,67802,0,0,3199,6,4,,,
Hubei,04/03/20,67802,0,0,3203,4,5,,,
Hubei,04/04/20,67803,1,0,3207,4,5,,,
Hubei,04/05/20,67803,0,0,3210,3,4,,,
Hubei,04/06/20,67803,0,0,3212,2,3,,,
Hubei,04/07/20,67803,0,0,3212,0,2,,,
Hubei,04/08/20,67803,0,0,3213,1,1,,,
Hubei,04/09/20,67803,0,0,3215,2,1,,,
Hubei,04/10/20,67803,0,0,3216,1,1,,,
Italy,1/22/20,0,0,0,0,0,0,,,
Italy,1/23/20,0,0,0,0,0,0,,,
Italy,1/24/20,0,0,0,0,0,0,,,
Italy,1/25/20,0,0,0,0,0,0,,,
Italy,1/26/20,0,0,0,0,0,0,,,
Italy,1/27/20,0,0,0,0,0,0,,,
Italy,1/28/20,0,0,0,0,0,0,,,
Italy,1/29/20,0,0,0,0,0,0,,,
Italy,1/30/20,0,0,0,0,0,0,,,
Italy,1/31/20,2,2,1,0,0,0,,,
Italy,02/01/20,2,0,1,0,0,0,,,
Italy,02/02/20,2,0,1,0,0,0,,,
Italy,02/03/20,2,0,0,0,0,0,,,
Italy,02/04/20,2,0,0,0,0,0,,,
Italy,02/05/20,2,0,0,0,0,0,,,
Italy,02/06/20,2,0,0,0,0,0,,,
Italy,02/07/20,3,1,0,0,0,0,,,
Italy,02/08/20,3,0,0,0,0,0,,,
Italy,02/09/20,3,0,0,0,0,0,,,
Italy,02/10/20,3,0,0,0,0,0,,,
Italy,02/11/20,3,0,0,0,0,0,,,
Italy,02/12/20,3,0,0,0,0,0,,,
Italy,2/13/20,3,0,0,0,0,0,,,
Italy,2/14/20,3,0,0,0,0,0,,,
Italy,2/15/20,3,0,0,0,0,0,,,
Italy,2/16/20,3,0,0,0,0,0,,,
Italy,2/17/20,3,0,0,0,0,0,,,
Italy,2/18/20,3,0,0,0,0,0,,,
Italy,2/19/20,3,0,0,0,0,0,,,
Italy,2/20/20,3,0,0,0,0,0,,,
Italy,2/21/20,20,17,6,1,1,0,,,
Italy,2/22/20,62,42,20,2,1,1,,,
Italy,2/23/20,155,93,51,3,1,1,,,
Italy,2/24/20,229,74,70,7,4,2,,,
Italy,2/25/20,322,93,87,10,3,3,,,
Italy,2/26/20,453,131,99,12,2,3,,,
Italy,2/27/20,655,202,142,17,5,3,,,
Italy,2/28/20,888,233,189,21,4,4,,,
Italy,2/29/20,1128,240,225,29,8,6,,,
Italy,03/01/20,1694,566,346,34,5,6,,,
Italy,03/02/20,2036,342,383,52,18,10,,,
Italy,03/03/20,2502,466,458,79,27,17,,,
Italy,03/04/20,3089,587,465,107,28,24,,,
Italy,03/05/20,3858,769,607,148,41,32,,,
Italy,03/06/20,4636,778,711,197,49,39,,,
Italy,03/07/20,5883,1247,931,233,36,42,,,
Italy,03/08/20,7375,1492,1172,366,133,73,,,
Italy,03/09/20,9172,1797,1512,463,97,89,,,
Italy,03/10/20,10149,977,1422,631,168,133,,,
Italy,03/11/20,12462,2313,1696,827,196,154,,,
Italy,03/12/20,12462,0,1097,827,0,121,,,
Italy,3/13/20,17660,5198,2504,1266,439,212,,,
Italy,3/14/20,21157,3497,2898,1441,175,205,,,
Italy,3/15/20,24747,3590,4095,1809,368,327,,,
Italy,3/16/20,27980,3233,3440,2158,349,297,,,
Italy,3/17/20,31506,3526,3450,2503,345,354,,,
Italy,3/18/20,35713,4207,3655,2978,475,390,,,
Italy,3/19/20,41035,5322,4352,3405,427,416,,,
Italy,3/20/20,47021,5986,5172,4032,627,510,,,
Italy,3/21/20,53578,6557,5955,4825,793,616,,,
Italy,3/22/20,59138,5560,6034,5476,651,690,,,
Italy,3/23/20,63927,4789,5635,6077,601,682,,,
Italy,3/24/20,69176,5249,5199,6820,743,665,,,
Italy,3/25/20,74386,5210,5083,7503,683,676,,,
Italy,3/26/20,80589,6203,5554,8215,712,713,,,
Italy,3/27/20,86498,5909,5774,9134,919,771,,,
Italy,3/28/20,92472,5974,6029,10023,889,840,,,
Italy,3/29/20,97689,5217,5700,10779,756,855,,,
Italy,3/30/20,101739,4050,5080,11591,812,819,,,
Italy,3/31/20,105792,4053,4440,12428,837,802,,,
Italy,04/01/20,110574,4782,4295,13155,727,792,,,
Italy,04/02/20,115242,4668,4501,13915,760,775,,,
Italy,04/03/20,119827,4585,4678,14681,766,751,,,
Italy,04/04/20,124632,4805,4686,15362,681,736,,,
Italy,04/05/20,128948,4316,4569,15887,525,657,,,
Italy,04/06/20,132547,3599,4240,16523,636,614,,,
Italy,04/07/20,135586,3039,3651,17127,604,588,,,
Italy,04/08/20,139422,3836,3491,17669,542,594,,,
Italy,04/09/20,143626,4204,3693,18279,610,585,,,
Italy,04/10/20,147577,3951,3997,18849,570,574,,,
Japan,1/22/20,2,0,0,0,0,0,,,
Japan,1/23/20,2,0,0,0,0,0,,,
Japan,1/24/20,2,0,0,0,0,0,,,
Japan,1/25/20,2,0,0,0,0,0,,,
Japan,1/26/20,4,2,1,0,0,0,,,
Japan,1/27/20,4,0,1,0,0,0,,,
Japan,1/28/20,7,3,2,0,0,0,,,
Japan,1/29/20,7,0,1,0,0,0,,,
Japan,1/30/20,11,4,2,0,0,0,,,
Japan,1/31/20,15,4,3,0,0,0,,,
Japan,02/01/20,20,5,4,0,0,0,,,
Japan,02/02/20,20,0,3,0,0,0,,,
Japan,02/03/20,20,0,2,0,0,0,,,
Japan,02/04/20,22,2,1,0,0,0,,,
Japan,02/05/20,22,0,1,0,0,0,,,
Japan,02/06/20,22,0,1,0,0,0,,,
Japan,02/07/20,25,3,1,0,0,0,,,
Japan,02/08/20,25,0,1,0,0,0,,,
Japan,02/09/20,26,1,1,0,0,0,,,
Japan,02/10/20,26,0,0,0,0,0,,,
Japan,02/11/20,26,0,0,0,0,0,,,
Japan,02/12/20,28,2,1,0,0,0,,,
Japan,2/13/20,28,0,1,1,1,0,,,
Japan,2/14/20,29,1,1,1,0,0,,,
Japan,2/15/20,43,14,5,1,0,0,,,
Japan,2/16/20,59,16,10,1,0,0,,,
Japan,2/17/20,66,7,12,1,0,0,,,
Japan,2/18/20,74,8,10,1,0,0,,,
Japan,2/19/20,84,10,8,1,0,0,,,
Japan,2/20/20,94,10,9,1,0,0,,,
Japan,2/21/20,105,11,10,1,0,0,,,
Japan,2/22/20,122,17,13,1,0,0,,,
Japan,2/23/20,147,25,18,1,0,0,,,
Japan,2/24/20,159,12,18,1,0,0,,,
Japan,2/25/20,170,11,16,1,0,0,,,
Japan,2/26/20,189,19,14,2,1,0,,,
Japan,2/27/20,214,25,18,4,2,1,,,
Japan,2/28/20,228,14,19,4,0,1,,,
Japan,2/29/20,241,13,17,5,1,1,,,
Japan,03/01/20,256,15,14,6,1,1,,,
Japan,03/02/20,274,18,15,6,0,1,,,
Japan,03/03/20,293,19,17,6,0,0,,,
Japan,03/04/20,331,38,25,6,0,0,,,
Japan,03/05/20,360,29,29,6,0,0,,,
Japan,03/06/20,420,60,42,6,0,0,,,
Japan,03/07/20,461,41,43,6,0,0,,,
Japan,03/08/20,502,41,47,6,0,0,,,
Japan,03/09/20,511,9,30,10,4,1,,,
Japan,03/10/20,581,70,40,10,0,1,,,
Japan,03/11/20,639,58,46,15,5,3,,,
Japan,03/12/20,639,0,43,16,1,2,,,
Japan,3/13/20,701,62,40,19,3,3,,,
Japan,3/14/20,773,72,45,22,3,2,,,
Japan,3/15/20,839,66,67,22,0,2,,,
Japan,3/16/20,839,0,46,27,5,3,,,
Japan,3/17/20,878,39,35,29,2,2,,,
Japan,3/18/20,889,11,17,29,0,2,,,
Japan,3/19/20,924,35,28,29,0,1,,,
Japan,3/20/20,963,39,28,33,4,1,,,
Japan,3/21/20,1007,44,39,35,2,2,,,
Japan,3/22/20,1101,94,59,41,6,4,,,
Japan,3/23/20,1128,27,55,42,1,3,,,
Japan,3/24/20,1193,65,62,43,1,3,,,
Japan,3/25/20,1307,114,69,45,2,1,,,
Japan,3/26/20,1387,80,86,47,2,2,,,
Japan,3/27/20,1468,81,92,49,2,2,,,
Japan,3/28/20,1693,225,129,52,3,2,,,
Japan,3/29/20,1866,173,160,54,2,2,,,
Japan,3/30/20,1866,0,133,54,0,2,,,
Japan,3/31/20,1953,87,87,56,2,1,,,
Japan,04/01/20,2178,225,104,57,1,1,,,
Japan,04/02/20,2495,317,210,62,5,3,,,
Japan,04/03/20,2617,122,221,63,1,2,,,
Japan,04/04/20,3139,522,320,77,14,7,,,
Japan,04/05/20,3139,0,215,77,0,5,,,
Japan,04/06/20,3654,515,346,85,8,7,,,
Japan,04/07/20,3906,252,256,92,7,5,,,
Japan,04/08/20,4257,351,373,93,1,5,,,
Japan,04/09/20,4667,410,338,94,1,3,,,
Japan,04/10/20,5530,863,541,99,5,2,,,
Spain,1/22/20,0,0,0,0,0,0,,,
Spain,1/23/20,0,0,0,0,0,0,,,
Spain,1/24/20,0,0,0,0,0,0,,,
Spain,1/25/20,0,0,0,0,0,0,,,
Spain,1/26/20,0,0,0,0,0,0,,,
Spain,1/27/20,0,0,0,0,0,0,,,
Spain,1/28/20,0,0,0,0,0,0,,,
Spain,1/29/20,0,0,0,0,0,0,,,
Spain,1/30/20,0,0,0,0,0,0,,,
Spain,1/31/20,0,0,0,0,0,0,,,
Spain,02/01/20,1,1,0,0,0,0,,,
Spain,02/02/20,1,0,0,0,0,0,,,
Spain,02/03/20,1,0,0,0,0,0,,,
Spain,02/04/20,1,0,0,0,0,0,,,
Spain,02/05/20,1,0,0,0,0,0,,,
Spain,02/06/20,1,0,0,0,0,0,,,
Spain,02/07/20,1,0,0,0,0,0,,,
Spain,02/08/20,1,0,0,0,0,0,,,
Spain,02/09/20,2,1,0,0,0,0,,,
Spain,02/10/20,2,0,0,0,0,0,,,
Spain,02/11/20,2,0,0,0,0,0,,,
Spain,02/12/20,2,0,0,0,0,0,,,
Spain,2/13/20,2,0,0,0,0,0,,,
Spain,2/14/20,2,0,0,0,0,0,,,
Spain,2/15/20,2,0,0,0,0,0,,,
Spain,2/16/20,2,0,0,0,0,0,,,
Spain,2/17/20,2,0,0,0,0,0,,,
Spain,2/18/20,2,0,0,0,0,0,,,
Spain,2/19/20,2,0,0,0,0,0,,,
Spain,2/20/20,2,0,0,0,0,0,,,
Spain,2/21/20,2,0,0,0,0,0,,,
Spain,2/22/20,2,0,0,0,0,0,,,
Spain,2/23/20,2,0,0,0,0,0,,,
Spain,2/24/20,2,0,0,0,0,0,,,
Spain,2/25/20,6,4,1,0,0,0,,,
Spain,2/26/20,13,7,4,0,0,0,,,
Spain,2/27/20,15,2,4,0,0,0,,,
Spain,2/28/20,32,17,9,0,0,0,,,
Spain,2/29/20,45,13,11,0,0,0,,,
Spain,03/01/20,84,39,23,0,0,0,,,
Spain,03/02/20,120,36,29,0,0,0,,,
Spain,03/03/20,165,45,40,1,1,0,,,
Spain,03/04/20,222,57,46,2,1,1,,,
Spain,03/05/20,259,37,46,3,1,1,,,
Spain,03/06/20,400,141,78,5,2,1,,,
Spain,03/07/20,500,100,93,10,5,3,,,
Spain,03/08/20,673,173,138,17,7,5,,,
Spain,03/09/20,1073,400,224,28,11,8,,,
Spain,03/10/20,1695,622,398,35,7,8,,,
Spain,03/11/20,2277,582,535,54,19,12,,,
Spain,03/12/20,2277,0,401,55,1,9,,,
Spain,3/13/20,5232,2955,1179,133,78,33,,,
Spain,3/14/20,6391,1159,1371,195,62,47,,,
Spain,3/15/20,7798,1407,1840,289,94,78,,,
Spain,3/16/20,9942,2144,1570,342,53,70,,,
Spain,3/17/20,11748,1806,1786,533,191,113,,,
Spain,3/18/20,13910,2162,2037,623,90,111,,,
Spain,3/19/20,17963,4053,2674,830,207,163,,,
Spain,3/20/20,20410,2447,2887,1043,213,170,,,
Spain,3/21/20,25374,4964,3821,1375,332,251,,,
Spain,3/22/20,28768,3394,3602,1772,397,314,,,
Spain,3/23/20,35136,6368,4909,2311,539,423,,,
Spain,3/24/20,39885,4749,4837,2808,497,478,,,
Spain,3/25/20,49515,9630,6916,3647,839,625,,,
Spain,3/26/20,57786,8271,7550,4365,718,685,,,
Spain,3/27/20,65719,7933,8611,5138,773,777,,,
Spain,3/28/20,73235,7516,7907,5982,844,778,,,
Spain,3/29/20,80110,6875,7441,6803,821,813,,,
Spain,3/30/20,87956,7846,7412,7716,913,859,,,
Spain,3/31/20,95923,7967,7563,8464,748,827,,,
Spain,04/01/20,104118,8195,8003,9387,923,861,,,
Spain,04/02/20,112065,7947,8036,10348,961,877,,,
Spain,04/03/20,119199,7134,7759,11198,850,911,,,
Spain,04/04/20,126168,6969,7350,11947,749,853,,,
Spain,04/05/20,131646,5478,6527,12641,694,764,,,
Spain,04/06/20,136675,5029,5825,13341,700,714,,,
Spain,04/07/20,141942,5267,5258,14045,704,699,,,
Spain,04/08/20,148220,6278,5525,14792,747,717,,,
Spain,04/09/20,153222,5002,5516,15447,655,702,,,
Spain,04/10/20,158273,5051,5444,16081,634,679,,,
USA,1/22/20,0,0,0,0,0,0,,,
USA,1/23/20,0,0,0,0,0,0,,,
USA,1/24/20,0,0,0,0,0,0,,,
USA,1/25/20,0,0,0,0,0,0,,,
USA,1/26/20,0,0,0,0,0,0,,,
USA,1/27/20,0,0,0,0,0,0,,,
USA,1/28/20,0,0,0,0,0,0,,,
USA,1/29/20,0,0,0,0,0,0,,,
USA,1/30/20,0,0,0,0,0,0,,,
USA,1/31/20,2,2,1,0,0,0,,,
USA,02/01/20,2,0,1,0,0,0,,,
USA,02/02/20,2,0,1,0,0,0,,,
USA,02/03/20,2,0,0,0,0,0,,,
USA,02/04/20,2,0,0,0,0,0,,,
USA,02/05/20,2,0,0,0,0,0,,,
USA,02/06/20,2,0,0,0,0,0,,,
USA,02/07/20,3,1,0,0,0,0,,,
USA,02/08/20,3,0,0,0,0,0,,,
USA,02/09/20,3,0,0,0,0,0,,,
USA,02/10/20,8,5,2,0,0,0,,,
USA,02/11/20,8,0,2,0,0,0,,,
USA,02/12/20,9,1,2,0,0,0,,,
USA,2/13/20,9,0,0,0,0,0,,,
USA,2/14/20,9,0,0,0,0,0,,,
USA,2/15/20,9,0,0,0,0,0,,,
USA,2/16/20,9,0,0,0,0,0,,,
USA,2/17/20,9,0,0,0,0,0,,,
USA,2/18/20,9,0,0,0,0,0,,,
USA,2/19/20,9,0,0,0,0,0,,,
USA,2/20/20,9,0,0,0,0,0,,,
USA,2/21/20,9,0,0,0,0,0,,,
USA,2/22/20,9,0,0,0,0,0,,,
USA,2/23/20,9,0,0,0,0,0,,,
USA,2/24/20,13,4,1,0,0,0,,,
USA,2/25/20,13,0,1,0,0,0,,,
USA,2/26/20,13,0,1,0,0,0,,,
USA,2/27/20,15,2,1,0,0,0,,,
USA,2/28/20,20,5,2,0,0,0,,,
USA,2/29/20,23,3,3,0,0,0,,,
USA,03/01/20,36,13,7,0,0,0,,,
USA,03/02/20,40,4,7,0,0,0,,,
USA,03/03/20,51,11,9,0,0,0,,,
USA,03/04/20,85,34,16,0,0,0,,,
USA,03/05/20,115,30,25,1,1,0,,,
USA,03/06/20,163,48,37,2,1,1,,,
USA,03/07/20,206,43,40,2,0,1,,,
USA,03/08/20,273,67,53,3,1,1,,,
USA,03/09/20,321,48,53,4,1,1,,,
USA,03/10/20,382,61,59,6,2,1,,,
USA,03/11/20,456,74,61,8,2,2,,,
USA,03/12/20,456,0,45,8,0,1,,,
USA,3/13/20,798,342,139,8,0,1,,,
USA,3/14/20,1140,342,228,21,13,4,,,
USA,3/15/20,1140,0,228,21,0,4,,,
USA,3/16/20,1543,403,248,55,34,16,,,
USA,3/17/20,1950,407,270,55,0,11,,,
USA,3/18/20,2626,676,495,71,16,17,,,
USA,3/19/20,2689,63,382,137,66,27,,,
USA,3/20/20,3983,1294,678,177,40,41,,,
USA,3/21/20,5018,1035,797,233,56,54,,,
USA,3/22/20,5683,665,998,281,48,48,,,
USA,3/23/20,6650,967,889,335,54,53,,,
USA,3/24/20,8077,1427,1020,422,87,63,,,
USA,3/25/20,9529,1452,1282,465,43,61,,,
USA,3/26/20,11658,2129,1669,578,113,81,,,
USA,3/27/20,14543,2885,2155,759,181,112,,,
USA,3/28/20,17089,2546,2520,1019,260,185,,,
USA,3/29/20,19522,2433,2621,1228,209,217,,,
USA,3/30/20,22141,2619,2533,1408,180,216,,,
USA,3/31/20,25150,3009,2687,1789,381,257,,,
USA,04/01/20,29474,4324,3317,2352,563,375,,,
USA,04/02/20,33718,4244,3859,2921,569,504,,,
USA,04/03/20,38168,4450,4339,3605,684,605,,,
USA,04/04/20,41903,3735,4143,4313,708,654,,,
USA,04/05/20,47806,5903,4696,4934,621,671,,,
USA,04/06/20,51608,3802,4480,5373,439,589,,,
USA,04/07/20,55242,3634,4446,6159,786,615,,,
USA,04/08/20,60733,5491,4309,7097,938,721,,,
USA,04/09/20,65077,4344,4490,7978,881,868,,,
USA,04/10/20,73758,8681,6172,8958,980,933,,,